531940277
529838997
544673910
579889300
571415049
583142597
580325008
582978740
583142607
582978736
583142611
577555582
582745769
582702248
582746287
583081177
580551810
582921380
582746791
583081181
583142620
578454116
582702244
534667713
583081185
545836200
583142624
582745752
583081189
553782567
520285988
583142628
583081193
583142632
512020137
582658199
578892972
583142636
582677646
582811786
580367022
582745730
582638208
529095091
582746759
578686021
545809079
582746364
567490962
583389319
582978810
583389315
582678268
580272336
582747898
581348065
582702323
540680306
582978806
583389327
530636266
582701808
542371357
582661355
518908606
578689069
558676250
582555886
520502110
582658785
546159830
518908593
531603442
528996314
546145004
579889396
549223129
582978776
528997870
572436596
582679249
544397849
541507626
579014381
528666092
560164621
582978768
582589643
578689033
553997692
582638273
583142591
571332211
514169381
583136320
548881461
578890243
583136324
572712619
583136328