583002302
583594186
583334087
583594187
583659722
583002299
583331009
583594190
583615694
583594191
580364444
581620385
583334088
583009485
583334089
583002288
579641987
583331029
583659227
583331030
583002284
582686888
583348944
583494353
583258331
582994597
583331038
582845088
583348952
583331033
583659735
583658729
583659240
583659752
582994589
583331041
582994585
583127271
583593199
583365357
582994582
578465875
579421347
583142121
583330543
582994579
583494389
583009522
583593724
583365360
580434606
583136502
581452435
583494395
581457128
583138432
583050370
583582350
581457134
583593615
583050378
581457122
583365774
581457123
583561881
583533721
583561882
583365783
583533722
583561883
583533724
583615645
583561886
583533727
583210644
583366301
583582352
583366300
580823751
583657109
529453008
583366298
580823745
579421398
583533736
583533737
583214241
583561899
581620937
583533740
583533741
583653038
583615649
583533728
581620931
581620934
583070893
583050413
579421412
529453027
583333557
583615674
583334064
583334065
583615678
583582384
583348924
581811415
583561907
583110842
579421429
583110845
583582388
583334072
583583413
583334073
583110844
543557656
583334074
583334075
583615670
583110846
583348289
583004218
583141447
583348803
580521500
583331907
564518178
582558769
583002166
583495244
583331912
583002163
583002158
583495254
583370839
583365719
583660634
583348310
583331920
583002154
583495249
583331922
583348307
583365714
583348306
583331932
583331934
583594067
583050843
583365209
583331930
583348315
573909674
582571558
582558758
583331931
583348314
583331940
583365223
583331942
583348326
576513791
583370848
583348323
583348322
583365743
583583344
580694560
583583349
580694561
583365752
580694562
580663330
583593993
580940897
555488735
580940900
583593998
581352545
583137288
583495181
580940907
583348232
582461048
580940911
582017126
583094811
583515677
580521543
583515672
583379495
583139872
580088956
583533113
581622872
580823661
564517206
583348273
583348272
583515697
583515711
579641974
583331902
583533108
583331899
583141314
583139776
583391686
583658954
583347654
578465150
583494607
581618594
583653827
580527504
579644800
583251917
579644802
583004593
532640943
580619146
583251920
583656925
580619150
580093829
580619148
583494622
583652816
583389663
583140312
583347678
580732289
580619142
583389669
583389668
583391716
583389664
583494625
583389667
583592943
583348194
583348205
583348204
583389678
580294054
581486490
583592955
580093871
580294058
583653879
583348218
583347591
583347590
583561612
582571519
583593856
579539907
583561601
581624293
582922737
582922734
583660955
582543850
583660954
583593885
583142810
582686177
576513799
577009977
576513793
583142816
581617608
583141285
582543817
583653822
579610107
580618727
583139774
583659444
583139772
583139773
582581562
582581565
583347529
583332181
582558507
583658843
583334737
582558511
583010135
583332188
583657296
582558499
583332190
582685984
583010140
583658837
583010143
583660905
583332197
583010146
583010149
583658860
583349091
583349090
582686492
583010152
583010153
583389548
583583588
582474522
583332201
583332203
583347572
583658872
583658876
583347581
583658865
582945026
583658871
576514461
583330566
576514463
583661313
582686065
583144201
583365390
583660294
583562503
583365386
583432471
583432468
583206672
583432466
583365393
583432467
583432464
583365394
582614369
583365405
582614368
583108888
582614371
583365406
582614373
583432472
583653143
583365403
583653142
580473721
583365413
580093814
583010085
583659310
580093812
583365410
583010088
583365421
583562529
583562530
580320125
583010091
580093816
583562531
583141679
583010094
583365419
583330603
582643018
583141682
579644796
583010097
583010101
579644794
583010104
583010105
583562548
576514467
