3386837471
3900352635
3901024387
1794009833
3406777096
3279324030
3903744162
21659972
2600639245
3411184456
3902777476
3900156010
3455356368
1823403147
1806674826
3040589086
1573510639
823308603
3903793286
1395331842
3347761081
3319711210
182930138
3872859799
316986018
3603584653
3901827286
2720457327
3373599070
3504771243
3778535778
1084702970
2935353002
3463745046
3798540815
3811681111
2308573680
3229745384
3901188332
2923015765
411392247
1963275635
3872171707
1301057019
1249659396
38552117
519216777
3469889198
2439926035
3082696511
3499692059
3901843478
949303325
3386984808
3584480559
3901810713
3903744060
2856626896
3629816013
3617543943
2287012043
3902744579
1017691189
2009757524
3901794318
2365787548
3710279044
2047294115
3483193144
3791233375
3523777186
3903727616
838185287
2148270264
3901827108
3181772063
2760664112
3901155396
2986521280
2221950130
2862639718
2600180275
21365134
1126220777
2037299620
1240172857
1768139184
1997436893
3343271826
2525550173
1121354243
3901810758
3726335683
586572332
506699496
2560055408
3901810809
3077748639
3901827170
3787514163
3335177791
3723648261
436837105
3898615963
3800523385
441621165
3902794142
3901843856
2156216707
3901794711
3701284245
2582501600
2941136448
3807011812
385619955
2483787039
3310568522
1641652419
3792724746
3903728053
3547894372
2915298531
3851543731
3711048727
2492339625
3215687308
3847857266
1186400155
3231433142
3466940309
731671213
838054086
2613631742
3774325199
2669895194
647849889
3790413998
24346672
3459190635
3827475813
3691371853
3869911012
864547540
3518533869
2509952204
1165444140
3677149811
19366008
3446475826
2903338093
3847758906
3639892371
3528627003
1904931041
21282869
1957033428
3828114782
3880904226
3331459047
3902777830
3771900328
3576878256
1249496063
2781504579
3516157981
2479084104
734440011
2581223508
3873580914
3376122024
1565269204
2700403054
317936495
3806028615
3133143839
3786383371
505388986
3723713621
2925621192
3504722255
945404405
2862377776
326750932
1349390785
3657046101
2418069903
3726909332
3726729105
32538693
3902761251
511205307
2529908495
2855054312
3867682638
2604276471
25165901
3721681945
1753524554
3208806034
2704744672
1922806592
3812729498
1568087210
3901843825
3288925674
2634308839
2023111026
3751566970
3598948203
3593181127
3177643147
3798246282
3429977475
3895028191
2929864533
3082483266
3737689906
1608162849
3715521675
3771835088
3820741049
3901762198
3894077970
3528544347
3828311588
224546675
3681605986
3578255186
3883181420
3901811338
2644582331
3894176262
3901794959
3898075720
3774325463
3901811379
2589087857
3901794999
1997436197
3473296683
2005366186
3847956340
3901827747
3870024863
652010729
3902761639
3903793812
3901844143
2674302296
978319371
1859644562
3227042333
3742293317
3006361980
2102165251
3254502314
2260026596
2018834951
26887118
1049476312
3888850323
692382493
666330605
3221208480
3872957627
1464177966
1009188429
1398509866
3873891476
34127997
2754831944
3753401798
3902761696
3846940616
3646381010
2940349893
2433553285
60293397
3878675872
3428585164
3354068339
3830081235
1646387384
3901843981
2315193187
3884868883
3903744526
26870584
2769758133
3790234441
2163114569
3901827641
1333857576
2769299387
3900173018
22627304
3802423317
3834652196
3791986867
3901811238
1249921079
1170769777
3091249915
108725446
3894012633
1891774982
639788262
1086947852
1076626154
1445549280
828715948
1553145432
2298792904
3888096627
3903793761
468179251
2710856515
3900762715
669951282
3436547593
3393898644
781331571
2516539163
2498729482
3504820750
3823624458
3498463849
2236942245
3324708056
3692912362
3901188720
3902794344
3901811304
3901811306
3010507146
3371469323
3630340962
3891651825
3841812472
3903761319
1940254892
40698210
2534069253
3382774451
3701038986
2940988511
1645617422
3898567495
2714198748
2961650587
2022898572
2582305482
223776375
1224935969
3669645726
2967679942
3499627454
1135034497
2869471279
1543741231
3900156762
2730664429
3354100954
3584628378
3901811619
3625147174
3903794070
3888456959
2589169942
1524439444
2982867584
3074634765
3894225736
1236339430
1314917692
3684489410
1904947924
269570931
446781893
3416885452
3386821304
1952003888
97633979
828256821
79054813
2147024009
3116939965
3460042059
3688241325
3457666410
3901172728
1019641785
3535638978
2842536466
3893963672
201461636
3449818663
3441184405
2381581951
2526729495
3141875914
2454655455
3519189591
2941021402
2221934567
3024107483
3900025812
1250724142
1294765707
3488779349
2957816804
2700747603
2382679464
623634054
3883918544
3117595237
620422978
1592188255
2108145178
2332117183
3834062663
111707496
1722197346
3663255965
748646233
3045422671
2505201304
3898239892
3149281401
3814793396
2955113461
41353646
1958377315
3431927638
3839928065
497540675
1970976413
3197271416
3465612669
1444091390
1467765905
29213262
2715787818
2318125520
3219504153
3900500865
1426036481
3225683013
3658538513
2078408676
1948348457
3612316486
952843462
3481127795
1645078018
3869221513
2496680134
3122068993
2690344002
3366128830
2516898331
417438916
954367172
3620131809
3902778548
3787187600
3783845285
693972336
111231631
2613272563
48760536
1856498327
2382400049
1464128369
3901811878
3150249978
3882722130
3848610085
2201077621
3658686039
3847725341
3012491205
3894668396
3185670576
2371291398
3099786385
3015849878
3894242372
3894963314
971455879
3902745853
730853357
3446376717
3902762231
1196852031
1900819751
3817007081
21333288
2099722570
3483569100
3893963894
3346858765
2680839099
2366818656
2690704403
2781913508
109085430
2332036982
3890668433
3901844710
17827177
839644784
3868730083
3493827650
1250692851
3871810118
145181733
3901844500
3870302773
3902762006
949894165
570287475
3884950273
3901795331
3431008286
3696433394
3901811765
83108
3901811774
3078124503
3774407767
3847938538
3173710235
21972475
3067327080
3117383025
3200596481
2223931466
3879347197
1936078753
27051348
3106012649
3386903856
24020412
2303610269
3901828164
2720114420
1095337362
3053138213
3462646460
3901189223
799648584
3870679636
3082826532
2512114001
1841424684
3847004607
3290251496
3429353618
55609257
3901828207
3528447664
1393939988
839120642
3903794601
768747733
3901795736
3875578377
3653262553
3494155620
3540768298
3290464514
2551029038
2674072134
1315916618
3629522301
3873088503
1173029060
1170964708
1253805962
3706542555
3002759097
3261024028
2565201315
3771753878
1099039946
3013048029
3530626877
43845584
3546912295
1310985077
3839254914
21939223
3557970248
3875643996
3871482783
24151087
2148107606
3495777597
2754502990
3012245227
3239986298
3536082850
1908372697
1623958956
3901828600
3062117359
3903778242
3884376810
3902762483
3217668774
3541014143
3530512158
1173291160
586655630
3723925647
3730086701
1540644527
3902746081
3901828590
1593924229
3445360858
3843448977
1242697627
3903778080
3104013458
3901828352
3042586824
3728087973
3903745336
127238658
3847954627
3183376423
628269294
3839533383
12240165
1714086785
3870106368
3446556865
1177191301
3202333551
3321774159
3250373641
3898371562
473192846
55609067
2471679721
29230206
1592810288
3887932030
7013807
3901828436
3119725621
1645717457
3249423465
3868025669
864679493
3901173067
3782337724
3331654471
1940239984
3058840452
3318054930
3557626326
3037786352
1361401029
3881050807
3456584687
2404747962
2491322765
3694713292
3371879694
3903778138
3901828455
3099721017
3292742074
1390614297
2564381989
2853531624
853947623
1970631542
3885080978
3818759579
3547256168
3658374150
3042374493
3484633535
1144193598
3903762080
1169785783
3658439711
113066156
2370882371
3901812357
3289907713
1707058085
1786031214
3726383105
3901812400
3737737453
3711326994
3901796021
173476978
3765413450
600155630
2677529020
1598675302
3204118731
3796690046
28493700
3374157610
1523981547
3812795775
3602157814
1479908982
2255732791
3462678560
3683687895
1004273043
2080062901
3888587144
3329523748
886365
1298811706
3898027535
2212496825
3202693311
3902746308
1620305614
3901812429
3882721551
3278275845
3901812468
572990531
3901828855
2163279519
1056897166
969981856
1010694735
2929600736
3894095512
3847447509
3726334108
2303840219
3429829347
1284196868
271865504
3900878357
3902795267
3435285087
3692419761
199298375
1400313310
3753629969
295982862
3386871659
3902746154
3901763117
3903729263
3403729954
3215571307
3738949655
943898262
1452183639
2587712742
3754875154
2622020264
3334946854
2565414415
2530791464
1785703578
3459303621
3800179828
3899960962
3427601082
3256665316
2668960233
890253841
3903729580
3229616004
2714920663
3803342263
3701349271
1879930628
3243411032
3878281252
3582284427
3489814291
3612266586
3498661788
3901828999
286381577
3757005045
52741182
2940774487
1204027623
301717214
3773048769
3732314448
1508990683
3894079280
3894046512
3903745922
53740569
969211627
814495676
3685915776
3846677106
3901812648
3112844982
3513570860
3048305392
3423914834
3411528733
3077042220
3790284448
3867550157
3902762964
1206010032
444242
17008221
3902779390
3360526127
3200104926
3804259750
2937464945
3137715304
2008281310
3903729601
1205895313
2795594195
916156911
2680821938
2852580732
2543653088
2886462346
3901746958
3901730572
3230566155
3524072843
3903762217
3438791548
2296368978
3229337589
3695860677
2862476553
1239436923
2852089434
2917608015
3181591051
3436055396
3871646056
2242806275
3283911697
3715144414
3220174943
3878363295
3902795562
2099673744
3521451603
70665101
3617984621
3430026172
3319956013
3827917817
1108329951
3777947388
3900338095
3759318981
3513603761
3819070531
3480160396
3728120287
532666452
3902746482
2416564216
2222359437
3894554591
3882901647
2310275504
2397947627
3406676747
3888771023
3903725735
3901825176
3901825178
24004963
1638492607
353197332
20498722
3500611770
3483699130
3629322355
948138146
2079765458
1206702018
3806522074
3662893674
3806456541
82545876
3267906185
3201398419
3903725805
3841273009
3834539206
3901808860
3893977173
3901792477
3867274960
3796969989
3050306970
449860231
3882430257
2044440962
3661075053
3306212684
3626438776
37866014
31197624
3902742777
418418839
3901825273
2795024113
2956392543
2009415599
2525126377
3903758533
2360345820
3901808893
3239070049
3901825251
3694744651
1363433776
2163378314
3894960208
1370298839
1371855294
894172469
1852974835
3024075963
1761337470
3053026686
3880841175
3217422157
3796921049
3762088119
3294924020
3842174352
165249356
492787143
3430139114
15796333
3768739903
3386884418
3649982765
2929747461
1243644554
3708458400
3901825084
3184211322
3898122479
3769083935
3393028741
1179832040
3473590192
3403792929
819476504
3690418999
3711735292
3786500464
3137729484
3902791764
3106402796
43354718
19319274
3541359577
3894370511
3903758463
8587344
2940888991
1922366018
3822103303
3894223046
904379706
604925136
3184456977
1994915334
3894288636
970125616
3901825138
1321141849
2301460938
477189272
2886198508
3216684881
3901808764
2495044679
3612598178
3016506175
1314113191
2406762369
1895626763
3119493400
3533871704
3834686573
1802117738
3701200283
2705582151
1845913344
3878170150
3871764436
2772970588
1476530455
2307096726
1904244888
3876728330
1141984524
3325873954
558458976
2262159356
3903758721
829110362
3901825444
2680821500
2216906005
2034610301
3121525556
3883069006
3393487737
2287403369
3345124957
3811551851
3758053048
3901776343
21776388
36621155
2935285691
2081027421
3848088585
1823778274
3786729709
3819367163
1962753440
3075817012
3741308825
1982578508
2998696916
3148280523
3482994415
3833736697
2953296252
2704009303
1859905446
3297185274
3206870619
3834080519
2203716314
3901808912
3097424158
1711878024
3894960553
2358592787
1847961506
3074490058
3900613109
1892890975
3722400851
1340704356
3455960176
3901808897
693330119
3101602122
2203781827
3842501791
3821267545
1379474339
3696383439
3522828391
3091558875
3506182499
2852053084
3024174565
3902742841
3802458882
1131301574
2922424217
3901808954
3430122973
3902808335
3901841697
3805014907
3284929150
1552815420
3879333514
3582401587
1715548151
3882544860
2382432183
3717305385
3211294417
1815586190
1416666571
359701687
2917180460
697835607
1210728933
3901825374
3398779716
3848039566
2141501046
319396572
3385163795
1863182037
3903725941
2446284820
3677967077
3902775617
1180913596
1766727855
3397190555
3810274043
550807869
2406336129
3527236563
3901792610
3483682385
2569867477
192725638
3819317670
3409183033
3846483787
1217069700
3360752222
3257550906
3495959152
3071802638
3538868467
2286256731
3903742640
1337247124
3121393709
1599116657
21367655
3897746032
3680981316
1402329526
1342528033
3903758986
23169860
9833124
3898139243
3876695333
744564313
3901825704
3763333746
2163411661
865221075
3898155547
3798149153
2489933354
3385181062
2634438465
3806144657
2051846145
489625440
3049013224
3017456012
3240135545
2634340191
3891162549
3445557053
3834048226
3220960670
3192370223
535795079
3642413936
3872140449
3868093665
3681440028
1879112306
1944402335
3272919406
3608042868
3787041733
3758533241
19909546
5819088
3424732841
3764054736
3732804853
3792873625
3893404290
3819481406
589130113
677307075
2355103431
3254798506
2929927183
3436299901
3882773954
3901809215
3144282585
3158046344
3868994597
3727053981
2483379897
3810126297
3626423015
3213309253
3893387993
3903742567
3822758160
3374334955
38062216
3903742588
3541031389
1963540445
2818581207
3901825606
314906652
38488209
2970041305
3900564127
3797969026
3331509361
1976762161
3902759547
3143332284
3871714345
70586075
859453898
198639910
3828788932
3046883172
3821250755
894877268
3737556418
3656897266
1102596785
3767823258
3440133656
2841846391
3901842314
3897828171
3099948004
952923119
19663375
3899499332
3893797688
3901842336
3901776803
3764759378
3803474316
3534444945
2930042271
3604356586
3480126545
3901809617
2974530058
3870289387
1450908991
2511642353
940766036
3554023569
2282324807
2960964402
3578011147
2631325593
3409477738
2644137676
262145272
3903775732
3466905080
2558645212
3850612445
1213956921
2120922377
3902743547
1753080593
3894338419
380493277
3814156327
3324808541
89886253
3156014950
3118297767
1802199063
3658256753
3319271078
378952982
1728572551
1367497218
3055500702
1265107178
3901809428
3651473953
1027798726
1518981391
3661681096
3843813008
2844320260
222807767
2188265980
864811032
3902759682
2474170599
1390549312
19139201
852359531
1870778
2618513339
3903775494
1978777180
24300253
1391417694
3547453634
1879604157
3466888466
2403107978
3872861551
954413916
2469501168
3901842259
2482182197
3462432166
2450676181
1863787728
3718796896
2930107757
3131601252
3846434451
3893584834
27069007
1247101325
2888116221
3728545254
14994232
3825709019
3902792513
3030826873
3769822039
1909258813
2582204952
3901825888
3480732805
3525220839
3783944816
3538606353
3901809516
24496777
1476793344
2150009902
3148298156
3786845627
3316287911
3423617053
3421063142
3901826206
3879332649
2426526898
3480306534
3013017485
3639874792
2671694623
3901826227
3726266943
3386836468
3901809853
2649100747
1035661706
3833014339
3365815467
3819532191
1463032578
21319039
3901793450
3427172358
859242358
3737621126
3878431593
3266678525
2023978224
3767758021
2525256402
3901842633
1965242747
1645276745
3653588380
3901826250
3884526549
3410495253
3269381761
2684628068
3875531421
2721853016
3901793531
3800362743
3902792935
3733967607
972289418
3768167653
3769019609
3375990086
3901842448
3651966253
3187224955
2520013494
148538462
1271351115
3883592692
3188077203
1285799990
3880528858
2019718394
3901776907
1731750809
2022110244
3605027395
457562092
541846753
3457893040
1885027575
3903742977
3890670420
3483599632
3901842469
21827064
3901826086
3901809706
1379147509
1761584188
2756716699
3106584036
108350138
3882625980
2137682879
248676873
3694727396
3416868724
3901809742
3841550374
3895108810
926235604
3242659232
3496041608
100501783
2743906146
3890096944
3518504265
3821825848
3617315693
3711947206
2005564278
2660602772
1982855982
45060013
749674925
3656389875
3901728139
2965962189
2885968131
19696683
3894404375
3887884980
3776588822
3903792545
3846154286
3847874639
3438117325
3771411946
3894568192
3657455395
3528531829
3901826489
3901810080
3903759770
3162862001
3901810088
3104814135
3318073596
6245730
3619068553
2947228395
1829347407
3806916526
1021440427
3871697803
2094100894
3886263020
2886426962
1714416462
465622689
3626308928
3333393353
3411150389
3903743430
2808654336
3652965584
3025631547
3649262830
2982886566
2736057978
3535413193
3814600234
2171833350
3026680080
2526559
2014868836
721462912
2047539080
1426888846
1241597835
3885197854
1022472547
3832539644
2903466139
1237271595
742908371
1879522706
27003915
2498042232
2872305324
3827902857
1368529968
2720690060
3873352567
3894912398
3901809979
3903759621
3903776005
3901826339
1265063
2474974783
3885165097
2635272367
3901826350
3619838467
3901793618
1055814442
2240776267
3657061426
3790613560
2541542064
3099784461
3748483768
2904727799
3699102126
37932949
3894584827
1832935578
3217682963
3717451853
26840186
3767725429
3106256077
3457647614
1129008807
2781702176
1376083946
1106332673
1863770855
148997395
3707883767
3901793640
3555089944
238043184
3901810322
1502582669
1304953804
2756356684
3903792809
3776179995
3876792601
3850824586
3002514680
3386853328
1490720458
980923490
3900139105
2668613911
3894289927
2669760831
3901810319
2604143898
1472584161
3901826744
263717267
3241479961
412767926
3712029550
3437298385
3205689637
3894322726
3890997714
3278212389
2325103829
3047750637
3806473380
3647149861
2982936450
3875875150
3376498445
1323335852
1200703967
366418840
3903792895
3524156511
206176792
2005531101
3495108102
1200753093
3619297762
3871910036
13356694
3449308152
1390566530
1434426140
3901810420
693495601
3798133767
1976777654
1173736338
3683718655
3893929576
3410265398
3903743707
3465347323
1952299559
3358328407
3901810414
24154096
3433071136
21729226
3878218155
3902760472
2402402745
28380984
1206389089
3843500935
3876415899
2036021196
2776820506
3833997851
2953232027
1766844369
1536267535
3591837879
3684881667
3394012395
2913460992
3823365450
3832965852
3730198778
3340339626
1232996299
3893290681
3688830311
691300232
2332771787
3599505486
3897747088
3901810261
21417856
3901810263
2596393993
3744059875
424875907
2417401538
2057532535
1021178376
2203504014
3819269500
1368629069
3894257407
2614220082
3714454402
3749056912
3847891888
3901826683
23154570
3538639879
26857334
990279145
3104602110
2917606161
2885968627
1858379827
3808718334
3816975743
2890638154
3519143619
1082806158
3482353813
3308341815
384260576
14159825
3373204998
3496206191
25284237
3642201624
3455664877
3894388490
1706388140
657893423
3612563529
3827903283
1457609211
3124376868
3901843342
78875538
3887786136
834272924
2769775152
3893274406
3894978309
3673773526
3867961788
3901810594
3890686163
620833332
3689125078
3894421269
3718550161
3218747628
2886574906
3819187356
3878217833
3901843410
2970598988
3261189410
3310111240
464852209
3462005020
1841439368
2756094731
3890686121
3541032001
3804491148
1399774241
2506283570
3424568140
2713726617
1453529592
2009462936
3893700427
3721728650
3869043195
1497929263
2910790164
3767595006
1080463112
2046097051
2477153491
3901827047
3902728167
3851381493
2675593216
3848350239
3499384810
3888310343
3902777113
3071506580
3903776550
2774133457
50957444
3890604139
433575495
3901826817
1786111460
3810585778
3789024847
3898288066
1780557242
3901826829
3788156501
3803294993
1366449873
3901843254
3491782536
3059775948
3901777725
3897763811
1173277279
1092832912
3403433320
2955116437
3434316548
3401270530
3470082414
3521797718
2529204605
1543656381
3901843246
2503744253
445175117
3285290008
3435152140
3473309897
3644888720
1206306872
2532268302
3901843315
3206967493
2954362879
3494092714
2925240757
24776329
2518211051
3264122234
3776376547
1614573515
63900727
3137942768
3165844299
1433901709
3804081478
1450154387
3900188549
1301814681
3790451180
3887773627
2532968191
3163090051
3377944922
3198267056
660436815
3496083569
2235585879
3603580626
2659946130
1902076228
1122292474
3651225985
3889838075
3851679159
3757936601
3246330201
3778244891
2433679653
531959706
3728461323
1330667360
3898423407
3814273900
3732819529
3078285126
2730472066
3901847763
3902748885
3879499634
3677047675
3901847745
1056599724
2323094061
3887626214
2997920466
3901847801
21369133
3753070559
2695459033
2753655888
3821499315
2502526303
3712978224
3688581979
2581711203
3706195051
1125077900
3798201063
3898210513
3790516583
3360708828
5640409
3249443133
2269222868
1750350031
3577873881
1845476706
3902797826
2412945229
1374585167
3678866402
190258175
3448003885
3894458509
3878221720
3797840620
3325089411
3847534055
3230240829
3663088353
2674708432
3790631247
3901798481
2961530951
192125876
3628091529
2268010469
2429861912
1003989784
1314741897
1910513979
2322651819
12161124
3373111760
767376739
3843143155
801144613
3023774928
3652487512
2674884
3893278974
3890722581
264838970
2629962806
406227139
1240766733
3871684550
3047335076
3149507262
1518947203
2743120524
3792548636
3310670918
703641829
3684780727
2889628965
3901831563
2450834191
48747514
3246674074
3132844955
3113117871
3150703341
3898259827
1862909472
3903781249
3876582973
25972917
3901815210
3897735528
1176229664
3599075257
3661466368
3903764880
3249442961
2925412193
1171838183
2947170026
3118491812
3893377368
2422866209
2743087825
3898063110
3894065480
1645146973
3805737858
2493613557
3901815236
2501198912
3205672519
3677047421
1334599378
3877729857
3650996476
2310150358
819487166
1337450207
3463864092
1294392397
1823538653
1505282251
3895015770
689502318
3719269589
3834410486
2205913600
1398882845
3788779691
3901815057
3894000024
3701165340
2287540689
2471838431
1184618263
524816088
2435350712
2004936210
3619849809
3802362672
46519126
3200184107
3598927638
2543076867
3869570873
1472054819
2930032397
1761343825
1338793569
3240857733
3901847870
3691285942
93672487
3152931422
2311772281
2715463788
3901782310
3842569394
3762319867
3901815084
318489413
816455956
3812782721
3428736405
638744541
3903764861
3883431597
3047646321
2710925391
9818447
2778297410
3818844737
3878139640
3199020914
3902732669
3728166867
2917596161
3801969526
3901831548
933815896
2618445282
2690560431
3901831525
2982831051
3431734921
119280921
2276267432
1638953910
977856591
3890312683
3157569062
3902798476
1996498197
2730651866
692337502
1725887685
3765629545
1175016469
1936482674
2027940545
3331593355
3901799090
1375355864
3872027881
663565737
26596272
1321852143
3424263731
3071518008
3424132659
1737946554
3846059794
3816452426
3544465781
1737323964
1527056701
3504276118
3728329842
1110593662
469831247
2477523452
3833116200
3640986452
3600270533
1283481299
1162204945
3705851575
2167640933
3878221169
3486588296
2795369670
3875435682
3848369983
2940468517
1055272078
3901815545
3810799947
3397441788
3084739933
3694513847
3901831698
3229405946
1445512352
3380239346
1631105969
3010978277
2347735419
3499360769
3848058825
3366165045
859578788
673446587
3668822069
1999218098
3542811063
3712782316
2160218722
2984534855
3902749239
3901815353
3126683894
3871732841
2530460799
63803747
3432832563
2922298525
3894950559
3893689000
3208277500
2982912773
3447529394
3901782593
3701116488
3207818720
3901831749
2826173093
3880236446
3893263060
3898030733
3899554481
2725048448
2287049404
758857679
3347305850
1973348196
3684518247
717928906
275628911
3901832082
396723361
11998140
3449134745
3033475008
3569371087
3738439108
3491676943
3435945950
1362690604
2632142787
2955158277
2861840823
2662534548
1478494984
1948247862
1297522301
3600647601
2573027952
3528671613
3445448307
2116349195
3872667111
444533065
2180272845
3483868317
671972145
1568165447
2629930880
670004398
1753545664
3592045907
3689990330
3142477827
3310556702
1735013427
3814649860
3670100381
2982814357
1119752671
87922271
3131894223
3819548874
2690331453
3753299166
1777908368
3597698333
3446758943
3433095119
3901848545
1806317787
1423067045
39506214
37835068
614201318
3891672182
1411762084
3902798619
2085662679
3450215980
2333481114
3897785309
1285119753
3424444302
2674756858
3247706639
3513565939
3445481212
3423461294
3436437367
3071927485
1045982710
2534819001
3798184396
894707428
3737275760
1708684908
3814125792
3902765862
1073048655
2600634552
1891689341
3448069703
3751578712
48189721
45093238
3092376473
2606893224
3903748964
3405764913
3174231805
2255639997
92952133
664269891
3893443530
2784507427
3878434032
3150260259
3488767000
321093833
3788763686
2711794260
3901815655
3030706012
3891688459
3331216752
3163172724
506776116
3902766233
1904846212
8361074
2150011944
19977504
3601302195
3880137565
3757083629
1301617034
2925247044
3230225569
3139890959
25597357
2591657557
3901832383
2129685214
2637957389
3890623444
668529644
3903749275
3901815976
3901815978
3065193096
1731949317
3006244625
3498820810
3901832402
3600941793
3335819920
3712715023
2912254419
49305273
3843518812
2935257787
3424671856
2772660497
1050323663
2739336979
3683471316
409521160
3847975227
1867184936
3530098186
3878187852
523340629
3320992152
3903782081
3901799679
3046334945
3439155342
3095440628
3893771362
2982864319
1718858246
3903782105
1199526663
3878253393
2255114770
3469384369
1400588283
3509077409
3769742395
2578484538
1549928685
1800110043
3403701872
2086316233
3101617229
3290550452
1451393562
3802134020
232642881
2009916242
1741583185
3901832241
3133189729
3432798270
2796368393
3293040867
3355778220
3605742145
2184386200
3827675287
3652128026
385466956
3028115659
2961220664
26580265
1761311803
3901733967
2604077046
1646327526
2142071653
3824236345
3797022363
2940418953
3235746839
3123244774
2215563457
3065307751
1283004591
38344350
50386904
3257636593
3871765021
3903765621
3878188020
2925066887
3732933217
800930648
1832171999
1268817744
3902782575
1155371052
2684368114
3360677053
3893378276
3685470045
688946663
2886105340
2982847798
3612443217
2929654683
1527156227
1900405827
3377060930
2659732355
641708846
3901799811
3095981470
978415431
3871781854
3841323503
3903782278
3463748444
3903798662
3235632624
42145704
3902782900
2099292177
3901816225
2424735156
1192579617
2427045279
2950871765
1702817865
3902750116
3519562996
2547319444
2830417399
3085558444
3451885814
3668004854
3310948366
3451328750
3884839635
1379944226
3894017402
3798169352
3902750195
2148341089
25007123
3901799934
3192646436
2935421849
560034834
2121591559
1263164990
3903765979
2646952112
3652242633
3819026139
3650882791
2511552718
3903798738
3834409221
1172672623
1476840843
3506570383
3901832479
347996465
3704080727
3890786937
21877983
3833917719
3893902733
3426294176
3397558041
3253671025
3393920980
3480820445
3882758852
3429243337
3847844072
1541377638
3903733012
1232755910
3528312817
3903749395
2696213770
2456635346
1069672965
3174983929
3331183428
3734571862
3901816130
21271703
1183109969
3364003156
27202630
2377046131
3901848946
3760829903
314345306
2339118730
3883152030
3901783423
2975671470
3046482022
27628625
1377290208
1512837077
1568983165
3832344983
3847794855
1614018098
3897933396
1741042116
3117264846
987573466
51172614
3241187107
3817649557
3354923492
531335606
2218660385
3888263645
24188754
3902799546
3334852832
117887276
2564361970
3901832893
3902766768
458575206
3803346062
2720330777
3518744569
3901816533
3782031136
1110414463
3875844438
2411747732
3000394882
3847893762
3150589331
3391347837
3903798991
3903798990
2100407122
3145805285
3819255232
990801259
3902783225
3787110352
3701000948
3114004469
3071582564
3436812968
3119640450
433246118
1491898009
21436217
3035996789
2954520223
3867930637
3790387050
3312292838
1206948219
3824547193
2681899350
2953225866
2244170573
3684977963
3384467240
3106025398
3901849095
1223024242
1291655786
573535411
3458979979
2947070217
3841651289
1347290857
3901767225
2240549671
3586884454
3781081072
3902750257
3428227810
3540600252
2037084124
153771924
3215911276
3899965110
3706358318
2520383740
2637482995
1896622021
523389435
2585005278
2954979053
3656879909
74044093
3900194476
41833640
2978834261
2511405931
3422330151
3880333716
3902733947
2903866354
3903782468
3888558380
3882824067
2471380386
3778639829
3321058079
3879530963
2604617166
3494577855
3691399923
3828921025
2613185848
1639102284
3142003783
707689773
3901816727
1728819203
24221307
3600957870
2089020306
3327054168
3833787285
3902750597
3629272904
2852650267
3834033051
1426194976
2772824678
3902799802
1372128995
3455851223
3804804601
3540878393
2150045469
3901833133
3814929442
3431603148
3218729108
2669021273
3105549896
3460094313
3694349157
1466171455
3832312625
3234584470
164208278
3841389460
3903733704
3598746089
90247693
3901816828
3525789002
3024036689
3901833184
3641839201
2604682298
3831984924
3834491889
3739617688
1279974197
3648360180
711966189
3903749932
3350810685
3898130398
3252328029
3903782697
3901816600
1472299083
1301109277
1595639945
2506588916
3269530996
37934548
3650129418
2372754166
1871837194
3901832972
3767629582
1431487218
2236830450
3360301032
3903749898
1613084556
1394853011
136994716
3277935833
3488487506
995060977
733461513
3901833007
3810686178
3901800274
3484293226
397721712
3625471957
3880366212
645362083
3684781172
829859488
1076697073
3809834230
3902750587
1006218257
3247887999
3015877673
3505145601
3241350851
3569107788
3544532150
3270333723
3900620680
2950854676
3011142796
41358720
2596588857
16685310
17897745
3017468889
3455309302
2954913834
1792766676
3719054780
3677176638
2498497791
3539192548
3768023183
2701850901
3902763198
1017750666
3871637228
3901812920
1240322503
2771533081
1391495874
63036404
2051449457
3206915858
2019008622
1290720471
859515653
2852270652
3820534776
1493745995
3901812951
3015519226
61250542
581040875
3340902259
2157074624
3504294028
3331481285
3901845705
1904749009
3799792166
3284917136
220288383
3747006216
3868770043
2618377330
1797632838
3309886763
2756246572
3106464077
3647127819
3235698870
558610744
3902763242
3902746856
2618459237
1466519528
732754734
150720638
3894423718
501335399
3026136278
2193873481
2695395362
3263814150
1098226170
3241253281
3047353648
2402736035
1107876496
1840903457
3627565212
3804101145
3644899814
3449869581
63839103
3880091633
3034016879
3902763046
3438302283
3767695401
2604811263
532907900
1230672287
3461125771
3890233127
1626290213
3385053448
3901796446
1324209698
3052088639
3901845575
3126010501
2604319724
20666860
898706762
3065491049
3388576026
3903762506
3642442238
114761275
2690152630
3827891421
3887234887
3901829222
3285162802
3882352227
2276810419
3901829529
3310115928
3903730104
807594292
3385184476
24778846
3900485976
791737880
3872260071
3321896747
3901813180
3115229315
2366264357
3901813158
3235191278
3351748348
82746833
1841100028
3025120524
2680768140
172413710
3880353310
3843718215
597965509
3042602043
3052907668
280218075
2162727300
3901796862
3901829630
3081137865
2721676105
2888267095
1614559564
863316486
3894309229
3522119829
289343554
3903746513
3185927266
1476510090
3901796636
3893834138
3449082907
3430995215
3331596033
3389920148
2852205474
3870457620
3903779081
38558717
3513682140
3790616643
3144278749
3658892206
1869969100
3136103255
3011521082
3682026187
2333119149
2961615161
2885973444
21780622
3730507672
3528674192
1875572237
3899355555
3868884816
381079421
3790223393
3723281447
1920805808
2940827270
3808656085
3868884813
39181186
804959778
3901813066
1243829241
3790731309
3547564718
2708093108
3827662279
696447076
3455489055
3893703164
3901813116
3493939628
3777263831
3790256147
3902746980
3808606969
2120673179
3882532503
3205408496
876441026
2631157468
3240811301
3901764226
2756460122
205018659
1291146990
2022679187
3901846193
3201656052
2950804931
3277838716
493832009
3901813432
3732882518
3800725671
1870214486
3067587814
2276941189
3156141610
2756705914
3871767807
3321864133
3434894982
3340901662
2781511671
3891592649
2998249611
3490204235
3902796507
3684925927
3368768142
557529982
3444512522
3250510843
3810081119
3720873871
3903746788
3838410372
3901780702
1257820330
2077925769
3647161141
3295649335
3883859238
1947348552
1908354017
3902747391
3774511768
2917152643
1150869235
3430405657
1185602757
3870440669
3812981041
2715745194
3834380031
2203736366
2976443166
2588950571
2960828929
3800643829
3449755619
176541947
3824777593
3883154933
3901780498
3900175103
1472630094
3325091005
2366363546
3802347569
441319645
3694429857
3798268147
3902779908
3902779906
3901813263
912862411
3538618441
2197117010
3901043245
3903762945
1850127603
2417134244
3483211051
3690185029
3292733176
1986178270
550222454
3902747231
1970712502
3902763614
3331578961
2917070616
1750020744
3790682936
3317079933
3893916371
3425343207
3832381088
2671314415
3882810808
1908124524
3388314389
3901829746
3901846132
2107369342
3065654355
1735163267
3666002035
3898618518
3902747235
3508538334
3336510497
3018975473
3901846417
446742945
3893736212
3275397179
3719497393
911764827
3867737484
1295521329
3748267110
1859024323
3895046950
697987726
3616017567
3124273441
3694380840
3451066031
3578220123
1219498926
3766041446
2188925273
2714368748
73604933
66410706
3796810084
21797479
3902796722
2781511397
2639890025
2629191563
3791239879
609173361
1827764174
3868917209
3831529252
3504491431
3083086988
3486520472
3764730670
2047287628
3769859070
2988271943
2033623661
3023744868
3415003347
3101189048
2210568355
1261523030
1317180906
443334916
2631403442
3436992438
1003839678
3883875347
1945970831
2406650881
3437123497
1130059810
3359019957
3901846293
2644362776
796587255
1965158067
3570110303
3017402444
3317767768
3114181124
3813062874
1463700639
3832479684
3901846330
582727947
3690152010
2960944069
2390414785
2539392226
925363429
2006805585
3808753864
1111185911
3901829983
3386872336
3903763327
1953673123
13998848
2742220968
1549895612
3535276390
2986797543
57006215
3290996683
12229468
3890592777
3052809752
3707913964
3445479085
3813849254
1236324933
3528296890
3498740592
3630236574
3872176844
21421379
3319978474
3113051525
1222726893
2191580851
2719464961
976922156
1287672023
3694936101
3550334852
3901813898
2955078713
706459140
3013046197
3438432464
3870063240
3901797564
1545650194
3569731831
3463205464
3371357383
2000431883
1980672569
2559313076
3840030940
3444969832
447760112
3121981013
1911958967
3518975485
3902747868
3887709181
3651290598
1759687845
3787423221
3165790460
3875961687
2332366679
1215501355
3878534005
1190107827
3878648688
2416102498
2137596680
3431076064
3824549790
828157233
153736536
3875486349
3544567601
1900014918
2036458783
3834378485
852078153
2950771555
1982851755
315919952
299175250
3338607224
3458077337
3456094575
2960911585
1425786977
3192300250
1806235445
3901846542
2248645287
3235617915
3901830192
3658581680
2604582810
80828535
3878419334
382077566
1970497993
3848387035
3705978974
255234956
2618392748
3548925768
2862675558
1151572079
96770312
2073093981
2924966553
3806543410
3300071520
3878288368
153769457
1592083001
1131470764
2635661817
399543091
3901813877
3883645852
3800039061
3712319912
1406013217
3414202229
3120112897
2427685962
2075617099
3619441473
2388431708
3901814160
3394000716
3901814166
3310803039
1098144893
2962206081
3901158806
3882793598
1020879304
695137398
2659730320
2680029863
1970382955
3874028530
2641297521
3877993018
2604320283
3903731087
2841785411
3901830579
3162907044
3717513399
173365117
2042832106
3101648372
2581071092
1784952649
3706520000
3157139712
362711214
3500297617
3802054568
2634596415
3898013039
3457782560
3458765590
1904307394
2861873118
3642475605
3723460768
3732570922
3541651018
3683698373
3878025843
3899422004
3630056711
3270549421
3023759717
3229851100
2756868402
1463634524
3901175265
1567670295
3901830653
2467466850
3817881313
2629419456
2031854689
3584805073
3790290071
1159157866
3174162609
2290717953
3578169556
3901830405
2886545817
3901191442
3884481055
3585607716
2165529742
3902780732
476938698
1910090868
1421560085
3845961875
3453489259
3791798197
528482872
3841653062
1122393945
3833755965
38707086
2255920063
3902797141
1507820564
1383255974
3250822166
3752739449
3797024646
3692413390
2940416664
2625700189
3466220357
2955062726
3586066522
745009537
815771001
3196740448
43114365
3901109622
1905650791
3616131707
2982292534
93427815
1131617925
2001529531
1837019271
3263225726
3868080270
3902748317
3243728725
3800595595
3901781652
2930880693
3901814421
3438367479
157357929
3701621427
3403191498
3810835760
330534315
3901191839
3759029780
3901830837
3157729810
3843177268
3503935230
3871668462
3901814461
2424835750
3899340378
2684240332
3480260933
3285802476
3402470650
2954751524
3903747735
3424801305
3585477515
3148440982
1909370865
3901814481
3786375149
3903796973
3901830866
3888347527
3901814491
1320734953
829042488
3402749058
1360432963
27697150
1376783432
1477772877
1888366288
785543346
343460376
2693824241
38657066
3500871362
1825288865
1879518828
3902781169
80255654
3901830910
3426767407
1850060852
3821403575
3591800930
1103781820
3842767741
3148244446
1862054021
3876813161
582286539
2578106325
3290356381
1973775139
3307756472
100964502
1175574667
3290700478
3899782895
3813146073
3901830705
3508555650
3806460999
3903763976
2946855176
3519958910
3901847077
1388252285
3867998282
3522039591
3508391885
3790339896
2460126326
3644409839
3304151591
3893262038
668367118
2954866371
3869243457
3901830734
2302449629
3780804536
3137922539
3033836080
3831872128
3902748276
3603679264
3071273443
21536696
1521239124
1792832549
1301205644
3204047357
3889739997
3367737265
61054126
3097323408
952903619
3169985506
59890816
3585952430
2099372596
3902781318
2735913993
3902732165
3330890152
1318080946
3901814706
3685057670
2940645472
3527216404
3424260915
3882694724
327716024
2133729311
211686316
1711716661
2972446238
3894130466
3846961778
3827661593
3498643383
3577285240
3538800041
3890329764
3348191447
111925740
3802086871
1151114194
23928380
3878303864
3073665126
3744055411
3894785913
3064244730
3901814770
3903764429
156390966
3901814772
340020003
3067341246
1557513126
1300255476
3790421659
2872177735
3483242726
3781017124
3376371270
1944939664
1646001510
3229261573
3586050616
3748479205
669775968
3834297094
3119654499
3246448146
2329793871
3473690782
3871717719
1891692373
3529199053
3625486223
1515455951
3321862754
3875813529
3413447914
3878009018
3878598799
3099731811
745385
1452853563
806842291
395757616
3013094450
3438728026
1769862867
3870112003
3101714255
1390595409
2085839847
3847584482
3804822898
3607513277
3802299746
3689874478
830140088
1376505289
2529429769
1371442801
1944874036
3706569521
369625576
1077714909
3757834270
3901798261
2986225172
3878648002
3424146422
3785522771
3813194932
3397298810
1128522567
3185417685
2825865319
34841112
3085440995
3625318424
2142003107
2371497295
2467377931
302772753
2445783517
3901835402
886379723
3901835406
3902752896
3615733665
1728956207
19603720
1253386911
3812672365
3903735937
3801776801
2367155550
3525784174
3014988796
1968166147
1450604088
2355244080
415479963
3851699662
278933706
3418500009
3092191268
3269780105
1348530191
3901851873
1798769475
3790324126
3588765087
3466489571
3048297779
585302624
3901818900
3405720180
3061372659
3521540459
21701083
3582489882
21832155
2941276102
3279660012
3901081629
2781414740
3901818933
3901802549
3884107560
3903768581
2259428864
3894823050
335770798
421231030
3504910406
3771269241
327332656
1600438236
3901802538
2890829042
3335185932
2467623891
3880306560
1707574541
310375089
144173125
3657382188
1545813232
1377104588
314274407
3368200223
799821681
3903768689
141535372
2653355714
3646241213
2543646580
3689888518
3577656791
3443781034
3846997409
3903785025
1136190295
3901818984
3144981384
484867098
3349571416
506314533
1472902851
3220758260
275542369
3901196681
1216948614
3903769023
3605723135
3234554323
2339564140
3902802306
3820585616
1981978382
3760898311
3902736816
3463245660
185068086
2212078314
2129027027
3459673864
223702122
3713072144
745803
254881399
3846997003
3004387929
3888613002
2628009451
3263636424
3229540654
3877750388
3806266248
3211632177
3393956649
3867969509
2485957959
939727215
24846347
2454106928
3368102330
2018908458
3900197127
24191216
38167492
3228115435
3773546860
1891045690
3427823046
1004264003
1020058960
41509860
2422518213
2377952283
3903736069
3400051460
3618338309
3790291035
926897805
3496161744
231550072
3393170313
3619173903
3514495171
3736813318
1343287760
2956448246
2541254320
3434065254
2872412927
3903768932
1637630032
1947456989
512835422
1314615180
1638334576
3619698201
3882862262
3201343283
57832
1863782138
1395438275
3901852005
3601069914
2099682522
2659385215
3901835631
3280200070
3901819549
1909167045
3739565296
1097573235
3235390147
3901835916
2298260185
2460168325
3903736457
178497668
3545166185
25748384
3901819576
3901803195
3452923902
2354081383
3890382293
3576100638
3104529200
3848079200
3535319175
3901803219
3587422096
3240043353
3902769881
3885090264
3689888161
3899886115
3785425909
3901786823
3901786864
45211859
3878044994
3690477981
133490077
3902720756
3842262895
2639560484
3391006830
481050333
2293279426
1982075985
2713633737
3890660767
1780533337
2940636477
2659564798
2047531126
1569062904
5513771
641762499
1324264547
2613311821
3700080133
3903785504
1707607896
2886553245
3901835776
2623028940
629425936
1646346423
3743956415
3804397659
3808608667
3449761542
1875103064
3540087197
2681929030
3903785487
3410438630
84289445
2700296790
2288724675
3901852221
3094993621
3869459470
816124424
2099683208
2016959126
3013054776
763514674
3023672968
2492266047
1138450796
3578394610
3422513469
2872527348
1196516759
2648391442
3790734136
23847840
25125810
1343091395
3322389719
3047380851
39493770
1996559832
3846506396
1373860665
2639675276
2721399017
977885354
3499487862
1891947052
3878127053
3901803131
3658594557
3460983974
61284693
1005558043
1978554139
3768746581
2669297121
3901819500
2924957013
3901819794
3438604273
2299275780
3901836187
3901836189
3494490948
1024941593
3498324885
2467393538
2573531762
3364989831
2371481153
2163876833
3624925971
3901803441
2666036683
23945801
65855686
2886422331
3119962818
3890513118
1488059278
3851503313
3290310494
190883873
3901803474
1869450283
1203692792
2680978565
1368781535
2983989911
3898231572
719260046
3901803459
1269082352
94398199
2422698800
3847849473
96626336
2508912366
3813130274
3606164887
3733077477
3034552244
2730901933
3808493674
2406788121
557711955
3781804568
2461856197
3438538633
3782345230
40378647
1384935693
2334664877
1169827388
3901164288
2124258580
1132814345
627853026
21258966
1609874535
1847086476
3445485258
3808641179
1702774503
3903736626
3650845191
1888293648
2445357664
1071684673
1247357437
3359452058
1558822720
3577181853
1824444181
2886356903
68446112
3901786916
3659168174
3042612975
3903752985
2872264841
3901819693
609093616
3385469557
3773088548
3099597572
25666114
659375243
3901819735
3702488935
2998292856
3901819742
3718987387
3233571693
3888563217
265415686
698894961
3732782492
2467442939
2311318058
3867657579
3901786976
2411408457
3828565959
3423596539
3625958374
3577951929
110781799
2648178216
2506158434
3848290658
24470897
1081779327
3901836438
2402462522
2053480044
3869852325
3902770321
1792528088
3534649023
3901836418
3901820039
3901836468
1288235247
3901803704
3047444874
1397520227
3651075503
111321744
3473238833
52291368
3191773700
2998310538
3902753953
3797943840
3555342250
3833757888
1491008667
112501489
2047565388
3722508717
2160436383
3901820147
3383045574
3051049395
3900197904
2365778281
3658301027
2891597877
777456166
3870294721
1641530790
3744529221
3192691258
3429066779
3804006087
3346916351
2985039214
772541065
3284019000
3427756227
2160550994
3006191547
44000772
3766649886
2377017650
3763717320
3903769649
3409211286
3753409309
3650141494
3902770229
982474274
1128900580
3903753217
2047729337
3715693006
3901836328
2675899332
1945032532
3229541573
2006192937
3841261621
1842661653
2188650165
3827761381
3898543259
401208109
1447424641
56993696
3588780320
172846727
3555145517
3901819996
3821274891
3488983847
2903542211
3230442586
2255299255
3901770826
2621257946
1735656345
3253396740
3650076000
3903736926
3901820004
1544157439
53405231
3392433975
3541612061
3359190323
3336168402
1959184
3847684186
2485498167
2073157252
632258744
3137019875
3527489373
2929757116
75037
3639803372
3771762162
3903753612
2925103997
3630644547
1239706817
3197508541
3201194976
3189775124
3871261576
1266429508
3807168471
1298704467
3094814028
3216005875
3403116433
497350893
3612684805
23913534
3644931092
3640393133
3378326539
3823093383
3430246702
3279250985
503561055
3898363138
1148199186
29336797
3878453839
3901804019
3137543783
21439522
3529783041
3901820409
2564586933
3413569053
145829342
3337364383
3901820391
2872217156
3902737893
990600816
1988875253
1801801444
2632169824
2208917037
2009813582
3593106338
3901803800
3757816435
3803465533
3557339525
3847848148
3822814804
3207158457
2714403927
3811395251
3523032157
3524032428
1644857258
1034721292
3789685825
3849781459
380531467
3509826708
3881026298
3867968293
3601691393
1586723645
3520197759
2885994933
1193140907
3797878755
11937035
3903769960
3796469646
97722394
3819652706
3418861076
3527129071
3901803848
69984754
2483728848
3890545210
1965117632
3101613372
3158039007
3249644632
2887125500
3277776565
1629717711
3226985915
1473229375
2935261953
697732195
1096295584
3871720255
2198185722
3468388539
3265111199
3876634899
3523818508
3901836951
1031232382
3812689229
3488852450
1017567923
3231753909
2842152817
3207027004
3816850844
846746712
1012079219
3522770906
3530503239
3878437151
2886011448
3901836975
3827532317
3902803681
2621749766
3901804246
1302359025
25176017
2114312274
2628287218
3884450260
2936195421
2116360260
3902803649
3392908370
2862173423
3452005305
3903753940
264300987
1500118807
3894316640
2929313817
3132496959
3887300922
3152518509
3742742942
2041651004
93643546
2734867859
2530340933
3790325630
1555986987
1466233330
3901853190
3425462964
2886175386
3903786544
3229230811
3278562760
1166156577
3903786506
3819111685
3059421427
698339127
3902787122
1883969253
1156588097
3436309088
1759530577
3828089501
3839984217
3473451441
294221619
3901804079
3901820462
2929903645
3840164389
58942791
2581151517
3802399842
2680879372
3791570744
2954254043
3434474085
3514595245
21768093
1403499893
1973113673
1759825463
3827253964
3901804103
1578137799
3902770758
3903786613
2935883813
3869179969
3901820529
3901820528
3442355149
1552726632
824219588
10610249
2705409965
2558836329
3902721649
3802612823
1246227632
3820389697
2355063464
1110680778
1179328695
3871850944
3898019676
2559229831
2720318762
215509974
3901837185
3869508016
3878223934
755042843
3901804429
3649027682
3869049279
528480342
3778037275
58860716
3436375037
552208350
17344061
2148312887
3901820847
617956330
1203757310
3828073322
2818441400
3305939524
1450455359
3320898237
3721149058
473840492
926945298
2460562941
3901837255
3245352486
3834692551
2754724712
530725118
100360868
1432023608
3450661574
2891582257
1097360921
3750394105
3680451627
3114163946
3448023793
3771221950
3137444994
3843539603
3780806367
3902803752
3169540961
3821372494
43853073
3706682238
3848045256
2160469840
3663068621
3650747910
3649437210
2940881109
3901804338
3440159403
3790259776
2754921375
3626434454
136523670
3843097256
3522885185
947888067
3901165370
3902738210
22095598
3796223482
3028538181
3872915730
21210766
3763324801
3212236964
3771238171
1151869821
3392515555
3551097983
3901837126
3870245237
2322427312
1380660651
2862501244
1877329921
3514119839
3683466338
3867607415
1476952057
1156391707
3450202719
3471698198
61482071
3725572592
23390564
2047758856
3901833369
3646484821
3810806569
2827812995
3901833375
3514595693
3894001677
3229247586
3152745458
3901833356
3770189978
21653870
2471689082
3289787452
3424887817
3646419301
3725325880
3850964412
22096231
1282155605
3432457385
2639869286
1867794283
1407941544
3557866583
2085671963
3677008743
606456939
3708122451
401719206
3875229346
3397395163
3181729278
2700920992
3042090252
3797846528
3402080933
2769620336
2085458987
1499361593
3827567693
1549677618
3426903086
3491494004
3650777577
1323427477
3577855287
682426580
3464242689
1397734193
3790293352
3618668341
3712529869
369081722
3563289829
3528587993
3273288592
1074227341
3901767707
120614846
1985339072
3846655455
3175028133
1288021086
22211058
1139501899
3812772832
3757061975
3850800430
3758966946
3900195017
3901800484
3353997151
3883126725
20457871
2019561691
2841838044
1803813700
3902783581
3901833301
3808545733
3823471405
3901784154
819009564
3841477687
1178463980
3903750268
3525802741
3739399733
3330682463
3825503453
2684799196
1867712396
1614498011
1053726251
3880472483
3871591979
3435291688
3804826151
3472778767
3903766623
3902767212
1238393123
3902750826
3782494604
3743021027
1714196182
3901816938
1200549744
3433522597
3700929937
3846032442
3411518032
758088742
3626660135
3394200412
1145564500
3074170408
3646320707
3588799741
48704511
3888189147
1073026798
2819113237
2917631226
638340904
1841087640
3815115331
1645169447
111931266
3841527252
872094409
3842198582
889658417
2219437438
3834564025
1244046109
2940421758
2950842079
3212269111
837458089
3612327436
3084476048
519927734
3901817309
3898212629
2005507803
3782068282
3901178335
61958889
562530522
215426440
3065389014
3902751231
533214888
3707958371
3613113913
3342626399
261138163
3684610810
3903799751
2107872458
2693040623
3773188490
2383718264
3903766979
1598027344
2163075485
1976507583
3901833699
3893231996
3119435932
2940634684
1531114041
3813853740
3499538710
3791735691
38349785
3024084397
2578034749
3297537306
2750171770
3601596221
3450364976
1841529944
2033799330
3901833485
3350179379
3719066674
2360223024
3902734654
2540977873
2431105359
3900162524
3445531889
3262163905
3891662403
962089197
1335666218
2824339937
2820030893
976720778
1007687086
68546007
3902783836
1931680480
2743814723
3690181152
3891269156
1909856259
3877752564
3887943274
3901833545
3712873620
3894297086
3804744485
3651989576
3895198153
3125973940
3867594593
70626781
3321621527
1215963528
1253499714
2940946109
3525491668
3847982240
3628036547
3901768045
2818297349
3642503395
3901833880
2168154928
2998360250
3645272907
3901801089
3279563113
944575058
3421659629
2861760695
2552148536
1072584137
3902751414
3438094016
3733025966
3373572911
3350179216
1388787846
3903783662
3051151261
3903750893
2578002922
1266458936
3392839796
3625628245
3808364718
2532228283
3827355253
3843952457
1841711005
664915453
3651384317
3901833980
3812264257
3903750701
3790785398
3347918088
3118191440
3470828652
1246617792
3894788789
3206518159
3902734859
293321696
3434128940
758990753
3705976442
3542563256
3205207444
3051134787
3588783945
3187070802
3901735466
3901833783
3903734281
2053247178
3357762187
1182182622
2713324307
1220338199
3290115765
3289968296
3716937528
3224857218
3769535003
3471483996
3844165531
3211548113
3392446602
3140571535
640355562
2103580583
3261245604
3666112589
3901801050
3834613316
1169534840
2969918420
2663019625
493418430
2677847420
795051395
847190172
1870513556
2099615701
2483683067
1229661116
3884354940
3773139486
2184636619
3902767713
3517446823
1075817245
3363660670
3903751082
2922235169
941118228
39659859
3111359100
2841805427
2502737464
989712873
3808725020
3335122384
437088528
2710768268
3723917012
3577888353
1949638422
3903783820
2269834350
2411947241
3422494932
3120026329
3767684002
3349605525
3901817770
3664720211
96775928
43100588
2311053953
3903751150
1399060515
3878669422
1929697350
974147923
3065257463
3173504620
135914325
1368292032
275708704
2426059733
3790244538
2756005652
2818280617
3242748443
2841838128
3331190235
3849784879
3898655544
3470878139
2450749774
23718409
1481732912
3570663354
1299670558
3846508079
3878243395
3020234606
30993078
3818735853
3808610419
3891137691
3744576582
3757192329
3587063474
1489384376
2471213109
3397624066
1108109711
3229723396
2027688793
3717133830
2950759529
3423135621
3792128393
2304074445
2030834324
81702725
3806579071
3235539783
3358172041
58796064
844044780
3111408337
3461326313
1936349388
3901834043
3880307939
1114024392
3727881601
3607690429
1612647337
3717183031
3902784294
2265525428
1797554330
3849735880
1797603482
3901834071
3254479420
1066832977
1375550010
3894313942
3848130196
3820701809
1545877480
2520939923
172499354
3901817666
3393855897
3803793773
3427035026
3007977629
3833843540
3230935875
2201118953
2089146206
3894805446
3291017164
2904196850
87862984
3450627669
3901817706
3665375623
3536142023
3388302832
3445694823
2032244008
3570284738
1182411383
3745477426
3902784655
3153532903
3902751885
3894756413
3253366258
3833055342
3900146798
3493608481
3868871303
3848128834
10120376
3662067300
3106067713
3352538100
3059178105
3324684826
3084311522
3453641190
3841263816
2005081021
2947548151
1505228285
2956385402
3111130401
1376665183
691111266
1426143572
1973459445
3903767800
3903751414
1013076026
3355878491
3668702965
3901850830
3677042505
3403228858
1862681440
3804532386
3898065981
3902751989
24669459
1823801563
3604576937
1955272954
1645383271
2982862258
2925544163
3392382646
3900834820
2526165529
2107543826
3832023268
164357444
3867871748
437335680
1832960466
1369390347
3430113510
1832812968
1978243455
2807090120
1466088443
2137789427
2713193754
176006874
1103015191
3517725954
3432292386
3358041232
3847899629
285277624
3536764533
240427752
3901834323
3887336311
880138418
2743881536
249831977
3499113566
3872983560
2047252183
3901834306
3071908801
3541237707
3893298389
3768749177
366000398
3901817969
1402847103
3738841656
798770041
2506062262
3518348636
1150920808
3459424963
3832760448
2100105689
3901195390
3723309329
3845933504
3473286137
1162602571
2704657457
3790736630
1996217341
3797913432
3901801856
2171612257
3513695359
2930033591
3776416771
1472723667
3618159280
201205479
3169391093
3365938622
3812839011
2410062467
3289360680
3763457398
2983124197
873584929
2569876506
3426984314
829561935
1982454633
2355536162
238183284
3549576917
1434581190
3831531819
2769569883
1962564021
2720223095
1232348194
1506325662
3640816724
3438305706
1103097058
2950546048
808312179
1847755590
39366462
3701404152
3888777894
3352079011
498168001
3901801953
618187181
3292752185
2280352400
3683481103
3012271624
2069763802
3901834519
573706168
1902370030
3615832584
3229478387
3902784783
3678811860
2498558331
182445896
346962230
1484895512
2936144536
3624924563
1735510765
3547037430
2746142256
3494067681
3761065355
1367637027
3812626152
39530482
1152526619
3455328350
3706319170
3382387767
3901146411
1935154934
3810528910
3188134839
3288934840
1784055780
3901195568
2743078458
3535634177
3684464160
2111836197
3310954654
2625892682
1106914352
3263803203
3733893955
2641916074
2316724162
2736246467
3304270117
2406179507
3680450181
2467413710
1132261020
3813084839
3279416982
2917597189
1990138748
2014631408
3792818165
3847784636
2743373409
1496937694
3799273363
3901834617
237544386
1067192951
3901834622
2818542088
3773484306
2516514823
2618585582
1390526235
3903767893
3542449882
3901785744
1250894989
3773288165
3627972152
1883643470
3901834907
45624499
2693172874
3494821443
3281284506
3514564458
2005358998
24063867
3607329050
3432325775
3651565499
1288512239
1416739413
734971366
3868182695
3140359430
2930032780
1178855529
3898115699
2147209686
3901785765
3754652156
3111393103
180200582
3822915040
3869460637
3360401012
1394769254
752206481
2366366541
3011009854
3247812575
1401093576
2383929436
3847899927
1478211147
3890629047
3763686918
3349244404
1867841795
3409208675
2924740623
3901179612
3457638474
1355939468
3796896823
3841591954
3356419681
1343274594
3411092773
1776453524
3523902589
3841264269
3878259024
3867789552
3437994647
1366228752
1453672
3600251112
2954895008
1435187978
3901802003
3415385361
1249960964
2009979208
3627693757
752648786
2861777922
25390870
3730911476
2041534261
3012320531
2648240967
62057746
2934407239
3095271135
2619650694
1975589733
3901752889
840981642
3176928247
3386320764
1375371094
2704347011
1952471763
2433613753
3893266105
3684037931
2933358696
838033203
3902801504
430028640
3491856098
175088810
3054311624
2525870155
3685250415
1376386242
1993185286
3878275559
3848031123
3870378110
3642472395
3867936861
3832302260
3717395275
3788197649
3052788527
3589126966
2137838001
3535453275
3000474674
3192033445
3847064490
2198318575
3797929139
3816426900
483537442
1871249784
3898115753
3776008160
1753499248
1370308436
693421653
3600873890
2698153943
1936350319
2886583050
677185370
3893331720
1210296109
3650893452
1291510762
3803893166
3901835148
3903735695
3891661010
3293047663
3428230015
2334794753
3133593069
3690214596
113355248
2350670638
3591862565
14741464
3901802414
3422397629
451737006
440694030
2460614118
3825404756
21425690
3901147098
2625499938
3901835251
2743307495
2253334825
3894478673
3882371096
3767635939
168060273
525643811
3191116108
972478092
3897755439
3901835244
3876685969
1940970545
3778580154
782216
958011038
323288257
2578855475
2781858374
1801798895
3576101547
3832138745
3146617887
3901851394
3868051737
3324275120
3813510356
2318345654
1871626263
1983060392
2721500586
3788033621
3820768284
3312642769
1797833869
3026164730
3903751940
1418738491
3721736824
1405222003
3816836149
3901835047
730793015
3901818664
2388599270
538136531
3903801193
3503980307
3759493084
3903784805
71920514
2502703864
3809037535
3834121054
3240161014
3526131195
3902785350
3310807692
3137017124
3683284072
1879187425
3869477191
3882436750
199549965
634030628
3901785983
3898443698
3882567812
2795276653
3351570487
459633814
3902752620
832773716
3822046264
3137066243
1407329250
24146290
955042024
3211267938
3903740069
3434314943
3890255852
56226647
3455417828
2047904260
3776909577
3704138974
3898497094
3898021967
3319805433
2525406879
3900463207
3790688721
3767734450
3493978217
1369743756
3804058260
3685968792
3717213629
3898333301
2155524168
3457760812
1636143539
3877148504
2163290290
3768078556
3806319259
3800928968
39596571
2769671506
3869071058
3803894506
3677301630
3310564610
3430071331
3235639434
3891599264
3901806789
3619465189
1299250473
3776860485
3901823182
3810792260
3046508023
3685100480
385017493
697768444
3662768700
3867645672
3804353198
3162409998
3189952086
3888961464
3275453262
2613078965
3753357249
476785682
3201191605
3901823212
3658672749
1276591208
650483386
3842577801
3839644766
3719228712
2947030840
3808646032
3111274982
3106638263
3901790221
3901839412
3254792870
2714227055
2353937639
2467767227
96138519
25113034
2503648655
3901839399
2232448427
1413375109
3305403833
1935672285
3700173873
896435631
3765260462
2575329608
3903789158
3809055687
3813086102
3417635692
601641735
3882358664
3577947553
2468438987
2987360996
2014644478
2025130075
3605800479
3517636947
186776539
3901823087
1988609656
3902740576
3512754274
2684588294
3895089443
3901823387
2441322632
3812708942
1204172497
2368928810
3894827323
3894253827
1900920937
3354556124
3657279698
3462102900
1925497840
3810595349
3812692597
3644991604
3435249142
93172916
3833927097
3436101106
3342399100
3711937659
3878557288
3007496708
3192573709
3742510677
3734728657
3427417345
3763769627
1756436991
758766696
2771768431
203963764
2674535946
3878098502
796040721
2371353651
3776532605
3880130080
3650726142
3827815744
3017409202
2564352434
3902790130
2929237992
2564221345
3871414201
3055126368
3901839851
3882538728
667981394
2648190043
338208173
3155414421
3490554245
48558958
3157577125
3799307245
3901823247
3036022121
1158526124
3888567908
3373119657
3872102254
40219596
3878622852
2327296796
3901823293
3533923086
3871823721
3430596053
3365583144
3903789339
2005403210
2191782762
3838989595
846545854
3871889155
972032060
3060058036
3659033550
3902773575
1944027655
3902757190
3717622861
3901774157
1875385878
3813790384
3901806965
3734204278
3656525844
754801947
3712609445
472165832
1759861009
3523076106
3903789400
1177728969
747625840
616502975
3878245675
3888862670
890423060
2360540859
3255037960
21295956
2146373117
3140192568
3808989467
3057976400
3582437265
1600531838
3872019666
74790511
3901823627
3834009245
1607200232
3847821181
748166847
3841283807
1323384012
2684916286
3439476538
24163147
3723980748
2613275011
3893385808
3694931581
2298821441
597676507
3586025467
2558585546
3798650919
1529866592
3901823683
2555963914
2293562080
3706187443
1496886125
3352573325
239041637
1980777547
2511824875
3767227094
2961130017
1302020090
2388376634
3712446242
1238432694
3317970861
3106392904
3415144959
3310843684
3770159821
3406821753
1287962301
2442093556
193100286
3831420451
55767343
1296432955
3527499838
859587004
1111322815
264371525
3898481367
3541082522
650859584
2242852642
3471375461
3777532839
3085075827
691297191
2511234874
3809087902
3092777678
3821080919
3052816224
3139652021
3447570405
293233633
3901839887
3067446389
3803418647
859259281
3415390523
368322398
3901774394
1426139052
3897793278
3808711082
1471948045
2362572392
3739380829
2014776023
1173010219
2769131468
2426511971
3832534700
3868087369
3903773284
691117051
3901839962
3500958305
3828127459
3146647873
3424173770
3750866242
1134719350
3301848601
3832944300
3593135344
2423939731
3265474639
3903789661
3397073032
3569182281
3901807210
613684842
1444013294
3903773609
2539086928
1731777585
1862687756
22229592
1637257885
574230836
3773862910
2660838807
3520144072
3898153795
193309
191969361
82950097
3284185313
3191164183
1009307393
3871888865
2614536444
2950683892
3813658723
3695357807
3766293325
3553911012
2454266230
1279688569
3903757292
3802010076
3901840339
1801000976
3901807578
3270619578
19673696
2695091180
3901774815
3449863919
3095235378
3792048457
3030747124
624301666
865075400
3901807563
3097512956
3888338079
3494929165
3790246542
3840022406
1874582749
3521569422
177093094
3104082541
3885077755
3831863051
3901840383
3334043084
3712577084
69056360
3903773652
3689949326
3423272847
3006595251
3389241732
3124677047
21754567
2925239754
3900021732
3121269147
3888927824
1394827455
3902790400
3409295508
3696881659
609736691
3071673535
3897957372
2160391022
93206053
3902774064
3445112567
2115390884
3901840164
3897990113
1718752715
3042592485
3901840174
3100936982
3744214255
833618547
3903740774
3886945380
3790328358
1332575395
26964564
3513574076
3847853704
3903757176
1642385982
3452763671
3429859251
3019669536
2687505389
226268
2794280303
3847149229
2053147013
1533929610
3619709991
1266366610
3670059309
3901807456
3470228775
3619939378
2543920213
3628002251
3888321589
3823390738
3541328099
1224063758
1541105703
1625740058
3118385699
105002431
90730856
924467995
3525797414
2946767782
3429791853
3674894093
3241178423
2268181306
1434706318
3901840540
1838242206
1134770092
3459365409
2276635552
3780416838
3235525833
3458611771
3902807231
3587056110
3493372953
1841666530
3895090178
3277043580
3658231354
1443848761
2467751726
3827896339
3792279092
3901824172
1104393708
3804960500
3582747085
2653448811
3792770644
2680974217
2555374599
3901840603
326248249
3293982749
2203039489
531852258
3454515638
2612195296
2983101852
3057746454
2860473895
3410558736
1904870864
1801805624
3772044467
3867562735
2053312010
1559455900
3901758688
550442174
3899956229
2714326458
2794574564
3797898790
3902725344
1562962349
601347922
3902790681
38565573
3897875677
1633605079
3827273876
3099724879
1148203261
2042383666
922452587
3899383039
3457645186
3700090908
3902741512
3427678425
2147191651
3191900889
3902741509
3867611675
3506234464
3290624188
3782039027
721346144
422620560
1289336958
2242752773
835274080
3832434910
3903773727
3781973471
3832418523
557634955
3268212347
3586072839
1636455731
3724815032
215185519
2102348273
2224074834
3901791320
1156542498
3604832781
2788676323
3503367177
2137623472
346054783
152321483
202275025
3439245345
3901168749
3695831203
2228121634
3371957268
3554567985
1948025070
3030761553
163986750
3197864547
3218787107
2155607169
1975959869
3877736995
1909851345
25523342
784833483
3648957555
2984166608
3848032324
3493520672
3902741891
3057910616
3119762671
3612254803
2932153307
37566242
3600376763
3150892780
636207
3422566696
3902807432
3688001278
3473373739
2659478453
3803469706
3890664153
3181447393
3903725037
3117304967
65042091
1148907831
574658319
1900299286
1387145212
3427531036
855328684
2163799456
1077572963
1874516704
2054901543
3867612121
2150004036
3347854056
1503800516
3002943377
3646680098
3386981531
3023421769
3239982178
2539577891
3903724845
1249673211
3738512221
2246226026
3781104853
3247780888
3585810472
3834024211
1068681775
3901824305
2644486206
3901807923
3828617617
2721634196
3901824316
2023017787
3901824291
2330558301
3157739904
367255640
3834122551
554816723
3825930697
715743082
2534613712
3899841969
1461887716
2988263386
3741297463
3871413003
3606356798
221559015
3848032392
1052707689
75706709
3821016604
3900677538
2872123089
3500664133
3897859511
2548965898
3882619528
3320836104
3816691344
3687984700
3903774047
3521864735
1452761952
3592053741
1290762519
521726
3902774629
3901807979
3341988553
3902791010
2209150377
2533204218
2659346569
1003769307
23771002
3246618514
3723881444
3157871146
3426843221
3315495819
2533843231
3902742151
3903725237
3208333604
48837835
215988982
37778538
2618944052
3719408540
3529991241
1702826831
48592087
528492983
3848000364
3873935582
3810858271
2649582509
2060323981
3871985805
3165735670
1985527827
1213349406
3790411709
3898351119
2459968758
3903758072
3692456513
3125922822
21673746
3328995379
3173190467
3712805676
3885175280
1765613400
3275421023
3262280731
3398860025
2730005706
2124630225
732143062
3882422559
3078029580
1645876326
3073425741
911491115
170933428
3891663217
3828109988
3802207274
3899678460
3802158126
1900840925
219052952
3735316530
3373825935
1973666619
3619955036
3807056973
3185707849
3280074028
2150102664
3515787062
2047249595
3415883044
3100692078
3877933540
1039158068
3901824598
3808728524
1991049313
2809680309
3231856240
2961213011
2976663479
3626462917
2871958986
3877753291
3002221593
3135785990
3770144345
796547476
3299635805
3685084499
3097382504
1422844472
1631262668
3294868127
2506449509
2115619101
3846050362
606671663
132985066
2841976418
3463838077
1331935339
3902791566
3620135124
1906624176
1260272644
3415227568
1242791219
3458791691
1929593895
3901808567
768826110
3847967350
1855789490
3683953829
3585745545
3273241645
3900186445
3118173932
3901775785
3181415066
3020620598
3847901720
2929744357
2556440357
3894271835
3074179185
3282498795
3389259086
3067658646
3529794869
3468294634
3766261545
536832168
3320918698
3687263386
1317140961
3726322042
3898072884
3651235528
68727656
3398581730
399089851
3191818571
3898646294
3899285277
3842019968
3703548735
3790329449
37942730
3696831440
1256586604
3901759263
3897909191
3888910426
2955020212
3247633925
1944896628
2454414803
135921541
2177087070
3031106357
1141617557
1562880696
1121006963
2014498736
3878555786
2717013596
2423416797
3898105832
2684266572
3618807808
3902758697
2674256094
3895173008
3202681177
3481090243
3881160938
21559031
3898302360
3884322882
3702696821
3604504848
233388576
750885642
2437408396
3536971036
79065977
3452959259
3469539609
3901824838
3872133398
2255909290
3700960070
2287419272
3234526997
641307096
723901635
24163992
3903758150
3834631014
1626068736
2491048855
1005980696
3642420973
834242112
1215922048
3810088165
3903754414
21657935
2947487652
1278227518
3840072940
467985394
3824327658
3901821065
3469883083
195376056
1842632139
3880705873
1600857930
2471848820
2116273669
3894972416
3901837499
3883114328
637443538
3538840259
3901853856
3643990273
3903754397
1067354029
3890683860
2807013241
1140374467
3453105641
2947438572
2916881816
3100426377
3013118942
1016186073
3769145568
3438802106
2001194760
3868188352
3406476123
2094089348
3842891093
3773667509
3840072890
3369808001
1973341637
465232865
3533253317
2261024409
3901821168
1099856365
3607441248
2016772176
67746914
1310602863
2609832956
3425481822
3297639678
1900874041
3901821159
3903738073
3753469902
2817974158
3887931334
21723445
2950960993
3894956195
2155264253
3901853726
2114602651
2582094198
3543837608
3846561244
2841252295
3499124750
1007813773
2635343286
3499632699
3723634005
3304356957
1128823778
3504449611
3802044974
3582831935
1169227016
1973128480
3903754256
1076525204
3805911571
3329851049
3901853760
1103837466
1012434058
3878363125
3901821041
194769785
3421025034
3798375052
3748341638
3424810188
3212625804
3584290130
1262957494
3847822763
3841645582
3898151073
3903770708
3695355202
3868172171
3903754667
53819966
3387076841
2073789078
1508647139
2625873298
3481220717
3427300698
30210266
3899265399
3901837708
3867434906
1263841867
3043314757
3121562415
3885178544
3811252751
1289123313
3840056779
2498031054
3777533954
1947602234
3482105506
2713835759
1841747190
3894923539
2449582903
3119661252
2516249804
3555699415
1421864326
2715523297
2876019286
3801996193
3391091490
1277343007
3694552329
3901837777
3723928764
3235641745
3569806730
3898495251
3142271492
3604639624
1965558896
1568203808
2924926735
3541641792
3233315301
3727877999
2520903454
3371970972
3695158622
3890421378
2174400760
3243063343
759583778
21936171
2115635071
3591843697
3284024024
980878105
1195556396
3492161879
3901198838
3901837795
3804109772
1549624622
3729958689
2318087006
2042118337
746722815
3052981369
3589483633
275589614
867928639
3627983291
3830062540
27162648
3660866493
2053653477
3772111192
3800996638
3263298323
3434247463
1466003188
3714786556
3535760166
2085553619
3893350823
3143582450
676303330
2136704756
3901837604
3592974229
2370385140
3848445148
3901804882
3052850226
1176207326
3902804334
3776649419
2526326599
3901837636
3871596315
3850689624
2903610572
2649842732
3136160524
2829799752
1460580070
2629002585
3433788736
3808959206
3450614878
1957023062
2046623758
3429823901
3371872524
1982468061
2391422834
3901821288
3439277314
21543756
3239410459
3539921134
940540445
3901805189
1349446264
3773455100
2416159252
1178369063
3667878079
3334454429
1366338388
2474060114
3363680859
3901788854
3295460932
2048245819
3901772479
3903754881
2223161011
3833765557
3901772456
3530041427
3873119456
980992068
985333893
647978145
3893776983
3732907068
3867532483
3789478809
1801081110
3101639310
2172402479
3903738619
3162900179
3901756101
3901838023
1636735958
3601706231
2982349729
2935313558
3321904229
3530827793
3901772534
3155723889
3842596704
3701040885
1477173880
2057421010
3846496049
3802126567
3832667657
49281171
3533990104
3275471172
3872185420
3893269135
2188769533
550328901
959660986
3775929242
3768195601
3901837852
3046870806
1971523340
3888733529
3139322250
2248801438
1406200137
2612715815
1024722826
3870432300
523052467
3901805106
3874004043
3813038565
3097248312
2241691450
3828080258
3694519967
3360731898
3901805115
3519130474
2872545670
3681935812
3518901003
2439457746
2360374789
3290398377
25131975
3802257434
3480663499
3075722734
2538137
3901198918
3003156930
1433104296
645668025
3825606336
3169551916
3797932176
3177006991
3781499830
3801094213
3155969737
3604704258
408461955
943653604
1756533356
3578195872
2269576620
3903787587
1633590190
3717998445
223131582
3411440045
2929644641
2022409096
3819444395
835930839
96501447
2794823071
1372547778
2653136172
1756844966
3067645383
3846446683
1845663010
3413323857
1350691747
1785483591
3351215252
3436410877
3528878438
223671910
21527167
3454465745
2089076664
3688833248
3234937745
3903755245
3162949573
2925352222
3902723032
3205153868
679482311
1505190640
1183219137
3887897846
3316334308
2916112003
3901821897
3424614211
3850739419
3841269652
2935297428
1348987651
1046693125
3409244252
3292593963
3482989809
1728486504
3527371088
2994751984
3415306465
958988893
518923672
43907554
3747177510
500639318
3600231697
3587010123
894635733
1829492365
900451875
3899970557
314321197
2198665369
3059649991
24328943
1900743383
3900740380
3406459031
840108466
36698509
19151494
3683475503
3893318571
2150005634
3819673612
3648742099
2480580722
5192700
373239173
122944750
971964975
3902772057
1982828008
2416454597
2743294030
3808221484
3901854529
3114222154
3499371329
3055996403
3142369434
2311090719
3901805425
3658670577
3373789939
3891584018
3365991239
3612994737
1823070017
3893351395
3902804813
2634295028
3657998833
3488330768
3872415020
21297848
1463495877
2649678317
179402422
43138714
3902739606
1636523392
3207775033
3677185825
3355409392
1394175754
3901822085
2397287158
3302144197
1895714020
2903511310
3712328027
3890109377
1722079874
1633770825
2559272103
3902756018
1965082894
3848329555
2610849706
3715588430
1412950029
1646026272
3813711724
1948862484
1859703448
3717374418
2629476602
2829751529
2970438980
3535695602
3220128675
1854116562
3883998163
1379544681
1200667591
2329507457
2053670451
1255011984
3901199591
3694485584
2886537322
1423304882
3390846587
2960772113
2366140769
3776699766
3197551334
3235380391
3471667865
19709272
3843971432
1039974788
2954398817
1982679632
1423943840
564976936
2201518013
1295643053
3533254159
3686049583
41926369
3462902469
2339141576
500081003
3441897871
1485300782
3651085614
3439636918
3808386634
3413407670
2119778973
3899774137
3846822272
3299457123
1382002322
2382311728
1832849904
3310336415
3903755388
3626050806
3832420535
3902788677
173143691
2520263394
2283582712
505373435
2982710560
3467326019
353233382
3732382363
194688875
3792314104
3431002227
3828635847
3888569138
37879478
2852214523
238121674
3895170260
3901838736
3718979753
3867761549
20954169
23821409
3604048863
179475
3528339292
24689771
3537039302
3901805959
2659541906
3903755701
3773095417
1064205
3902788993
2085716302
3767754162
1981483833
3875445724
1222899142
795546190
3901806008
3757875922
3901806014
3877837324
3042592875
3630392666
3901805995
2350379348
3901838802
2818267837
3319658651
3349281514
1288368516
1371106539
2861930438
3901838788
3894367558
1168390395
1065501411
64470707
3397334811
3067349936
3489198749
3243277365
3065203670
2350281086
3494063404
3618876097
148649390
37863222
3185655958
3902789093
3785252068
3143517733
3353852571
3901838613
3204645517
3901117705
2689850817
3437097288
3519179866
2677482039
3466146618
3667879734
3591875515
3235642742
2775652575
3431379250
3657032771
2725437390
3645449355
3901822294
837127213
3902788950
21855364
3888765444
3457758153
2903625924
795333297
429696068
80001306
2618499571
3894089208
1282699676
3658590204
3376018632
3372840189
1802950275
3888536126
2329769767
1840533582
209891705
2193342277
3794820146
1702517625
3812990278
1243526171
3714245476
2409902499
1152039608
3052850154
1468557717
3878000898
2503748373
2205891926
3901789858
3902772909
2613667313
123271520
3893679656
3901806253
3791364038
3457544235
3111634737
3630638638
1211659889
3770670837
2983038855
1013842495
1910263694
786015
3057305711
2970570584
3211264305
3042626307
275738165
3349936628
3834485484
3810139515
3484365260
50380131
3455660957
3827505735
3798080516
48987277
1735055621
3869939909
3890764186
1706548162
3142518072
1488971462
3612977445
1598939440
1120681139
1081966328
3578145741
1420732963
3774209639
3111618530
3750895877
3640469098
3804748880
3548163550
3902789178
3430740693
301723472
3584862977
3455775572
3557911230
3867613238
3473142192
3723912009
3052800821
2539940269
964855642
3897906831
3794558199
1203321191
3761348334
3497995935
1226520572
2179972871
2218949290
3496324748
3901838968
3868170338
417490450
3903739486
2156936803
3393516722
1242281213
2427629130
81657
3847445416
3790659340
3360896687
3390731495
3845856196
1287402431
3317906117
3540724737
1965902371
3903788960
2417110785
3867580817
3454612209
3174335016
3824377070
3901822897
3843529270
1873612940
3894351671
1009435394
2270951536
2972208644
3597691230
1280881514
3850066504
3903756189
3059337568
3902756772
3867728309
3756794065
2714246901
3841956800
3867974088
3847019010
2228084
45792748
3641976398
2133753970
3586009827
1608999097
3901822961
1448388919
629545699
3609651267
3438539669
1600626689
2267068492
3324983618
3681592321
3493834573
3689931933
3902789613
2935591307
3499503599
2885964670
2411311298
3875232134
3627313076
1386868008
3891665010
3873397080
1380675011
3406460035
87571127
3812809933
2483596185
2398089596
3868186901
3344333002
3515346457
3690194029
2912916029
3903788812
2342270010
3444765437
521953455
2977844939
2935755083
32259669
3890780244
3901789996
3897726957
3782024914
1413344248
2619450342
3377804957
1588535655
939001905
3902756688
3901839169
3890944058
3841301284
3046591042
2807355532
3701384002
2662818152
613292911
2994752865
2794805628
3391518154
11435842
2388095416
3790740993
2423746433
3195077001
3902756711
21561011
3878590674
3352672299
1399696531
