531940277
529838997
544673910
579889300
571415049
583142597
580325008
582978740
583142607
582978736
583142611
577555582
582745769
582702248
582746287
583081177
580551810
582921380
582746791
583081181
583142620
578454116
582702244
534667713
583081185
545836200
583142624
582745752
583081189
553782567
520285988
583142628
583081193
583142632
512020137
582658199
578892972
583142636
582677646
582811786
580367022
582745730
582638208
529095091
582746759
578686021
545809079
582746364
567490962
583389319
582978810
583389315
582678268
580272336
582747898
581348065
582702323
540680306
582978806
583389327
530636266
582701808
542371357
582661355
518908606
578689069
558676250
582555886
520502110
582658785
546159830
518908593
531603442
528996314
546145004
579889396
549223129
582978776
528997870
572436596
582679249
544397849
541507626
579014381
528666092
560164621
582978768
582589643
578689033
553997692
582638273
583142591
571332211
514169381
583136320
548881461
578890243
583136324
572712619
583136328
512048140
520499599
532386097
583136332
583593029
529094936
577555198
582746670
583010388
582746666
578851351
529061136
582703128
550302825
512024098
578388176
560165833
582702608
583070827
512041006
582702603
513979409
583389297
531763972
582702595
583389308
549107201
512044089
582702086
583389304
578550975
573076205
582811768
514547820
580364880
582702706
514547809
583583236
582702697
512183381
583010324
583136284
569876264
582745690
582702681
582702687
514169408
582702674
578806420
514169417
583136300
582529621
528993130
583136304
568566544
545836668
583010356
583136308
582021190
583136312
579639408
583136316
579424375
577007973
583012805
530556569
579023243
519011300
582881203
582881200
579411352
582702505
582881197
582881194
579491230
582702511
528995986
578545005
528993424
582881191
569683690
532890332
578508633
579491241
579582895
582992282
582678940
583583215
570843438
565507740
582746518
533765370
579424162
571540285
514579334
528996023
568567006
579637170
520500295
582702078
582702589
514768360
520501824
582679037
579443139
583389070
512032715
514768383
528998102
512035286
550303647
514169329
530556618
512035282
583389074
582701539
544760098
576366342
560115262
583389082
513018356
548281807
583389094
578879970
512853493
583389090
520496737
583389102
512017897
582746578
583389098
580310521
571983736
583389110
534833812
514579421
560116244
583389106
514579411
583389118
550881704
529081864
530493981
531489319
544980983
578530794
582746415
544674788
580381441
581858104
579157778
528997918
520498844
579622679
579424018
566256219
582747936
531475506
578614237
582746397
541368801
582660893
582840087
569870428
529262628
582747923
582746383
580694824
520501425
530556453
578688960
582701829
580024109
582840066
568460323
570842052
567216653
582644605
582702972
528997952
512075597
579014475
528460469
545833285
582745963
528989781
512051031
519506212
512051025
514579325
528997969
580902723
583010588
530106951
578745244
514045761
582747999
571957747
579787622
582978901
583562022
532838445
580046717
566898235
551546158
551485740
514579295
567616032
578688903
514579280
582646086
582267210
